42
42
42
42
42
42
42
42
42
42
42
42
42
42
42
42
42
42
42
42
42
42
42
42
42
42
42
42
42
42
42
42
42
42
42
42
42
42
42
42
42
42
42
42
42
42
42
42
42
42
42
42
42
42
42
42
42
42
42
42
42
42
42
42
42
42
42
42
42
42
42
42
42
42
42
42
42
42
42
42
42
42
42
42
42
42
42
42
42
42
42
42
42
42
42
42
42
42
42
42
42
42
42
42
42
42
42
42
42
42
42
42
42
42
42
42
42
42
42
42
42
42
42
42
42
42
42
42
42
42
42
2830792311
3912889326
3962165511
2418068589
3280902013
3896029915
2673136444
2832194793
2815140296
2402641140
2857678452
3599121059
3370341504
2648485509
2900745757
2793414870
2494797605
42
42
42
42
42
42
42
42
42
42
42
42
42
42
42
42
42
42
42
42
42
42
42
42
42
42
42
42
42
42
42
42
42
42
42
42
42
42
42
42
4272789538
2527220395
3400734592
3935493305
3519867191
3622163076
3345250456
2769885139
2693090844
2992560816
3538559727
3948983586
2783078174
2793019389
2337538815
2200353438
2359578070
2910888056
2373785414
3997417605
2453189884
3461204186
2477488412
2918445245
3744638375
3950577033
2821628956
2628841225
2899299668
4059357023
3726303896
3385791413
2643594096
4072488828
3627579292
3410617867
3118603419
3554522812
4054679552
2597011527
2705647412
2209421625
3522767778
3223718185
2190411842
2496757722
2277756121
2312431314
3563723432
3948330291
4150659006
3779728432
4261862976
4008549852
3585849157
4233750359
2320777784
2533536458
3766912072
4134780334
3197257155
2968665061
4245504988
3642196731
2526240931
2159883599
2276844347
4224721058
3783476266
3160579130
2297375431
3307839476
3262252833
3280792476
3608282176
2207416049
2804905194
2948045746
3882597295
3112769636
3975968150
3851429360
3619728158
3440028119
2482593213
3976566106
3972469284
4249099791
2828575278
2489290898
2524007566
2908349466
4108594276
3728325272
3255744276
3497790890
3869281442
3048887935
3077737972
2340577200
3233522576
3063387455
2622419017
2937227643
3892389637
3470821020
3760522508
2285194928
2492901110
2228239210
3515513560
4174447907
3782582790
3554457585
3330072068
4247791174
4122466551
3674046982
2753455487
3170424017
4191234591
3606574320
3400911823
3351188874
3229542597
2765622905
4100733320
2341713487
2307650064
3194261319
2219573053
2696178732
3245872276
2736938740
